42-300

1 1 09 22 46 -23 -11
52 1 09 19 38 -19 -10
95 1 09 23 46 -23 -12
146 1 09 28 39 -20 -14
190 1 09 33 46 -23 -17
241 1 09 28 39 -20 -14
285 1 09 23 46 -23 -12
336 1 09 19 38 -19 -10

1 39 09 22 46 -23 -11
52 39 09 19 38 -19 -10
95 39 09 23 46 -23 -12
146 39 09 30 39 -20 -15
190 39 09 34 46 -23 -17
241 39 09 30 39 -40 -15
285 39 09 23 46 -23 -12
336 39 09 19 38 -19 -10

1 78 09 33 46 -23 -16
52 78 09 27 38 -19 -14
95 78 09 23 48 -19 -12
147 78 09 17 38 -19 -9
190 78 09 20 44 -22 -10
239 78 09 17 38 -19 -9
283 78 09 23 48 -19 -12
336 78 09 27 38 -19 -14

1 116 09 22 46 -23 -11
52 116 09 19 38 -19 -10
95 116 09 23 46 -23 -12
145 116 09 30 39 -20 -15
189 117 09 34 46 -23 -17
241 117 09 30 39 -20 -15
285 117 09 23 46 -23 -12
336 117 09 19 38 -19 -10

1 160 09 26 44 -22 -13 
50 160 09 22 38 -19 -11
94 160 09 23 46 -23 -12
145 160 09 24 39 -20 -12
189 160 09 27 46 -23 -14
241 160 09 24 39 -20 -12
285 160 09 23 46 -23 -12
336 160 09 22 38 -19 -11

42-300F

1 1 09 22 46 -23 -11
52 1 09 19 38 -19 -10
95 1 09 23 46 -23 -12
146 1 09 28 39 -20 -14
190 1 09 33 46 -23 -17
241 1 09 28 39 -20 -14
285 1 09 23 46 -23 -12
336 1 09 19 38 -19 -10

1 39 09 22 46 -23 -11
52 39 09 19 38 -19 -10
95 39 09 23 46 -23 -12
146 39 09 30 39 -20 -15
190 39 09 34 46 -23 -17
241 36 09 30 39 -20 -15
285 39 09 23 46 -23 -12
336 39 09 19 38 -19 -10

1 78 09 33 46 -23 -17
52 78 09 27 38 -19 -14
95 78 09 23 48 -24 -12
146 78 09 17 38 -19 -9
190 78 09 20 44 -11 -10
241 78 09 17 38 -19 -9
285 78 09 23 48 -24 -12
336 78 09 27 38 -19 -14

1 116 09 22 46 -23 -11
52 116 09 19 38 -19 -10
95 116 09 23 46 -23 -12
146 116 09 30 39 -20 -15
190 116 09 34 46 -12 -17
241 116 09 30 39 -20 -15
285 116 09 23 46 -23 -12
336 116 09 19 38 -19 -10

1 160 09 26 46 -23 -13
52 160 09 22 38 -19 -11
95 160 09 23 46 -23 -12
146 160 09 26 39 -20 -13
190 160 09 27 46 -23 -14
241 160 09 26 39 -20 -13
285 160 09 23 46 -23 -12
336 160 09 22 38 -19 -11

42-500

1 1 22 46 51 1 20 38 94 1 23 46 146 1 29 38 190 1 34 45 241 1 29 38 284 1 22 46 335 1 20 38
1 39 22 46 51 39 20 38 94 39 23 46 146 39 29 38 190 39 34 45 241 39 29 38 284 39 22 46 335 39 20 38
1 78 33 46 51 78 27 38 94 78 23 48 146 78 16 38 190 78 19 43 239 78 17 37 283 78 23 47 335 78 26 38
1 116 22 46 51 116 18 38 94 116 22 46 145 116 30 38 188 116 34 46 240 117 29 39 285 117 22 45 336 117 18 37
1 160 25 44 50 160 21 37 94 160 22 45 145 160 23 37 189 160 26 45 241 160 23 38 285 160 22 45 336 160 21 37



