ATR 72-200

1 1 23 46 50 1 20 40 93 1 23 50 146 1 29 41 190 1 34 46 240 1 29 41 283 1 23 50 336 1 20 40
1 39 23 46 50 39 20 40 93 39 23 50 146 39 31 41 190 39 35 46 240 39 31 41 283 39 23 50 336 39 20 40
1 78 35 46 50 78 29 40 93 78 24 51 146 78 17 39 190 78 20 44 240 78 17 39 283 78 24 51 336 78 29 40
1 116 23 46 50 116 20 40 93 116 23 50 146 116 31 41 190 116 35 46 240 116 31 41 283 116 23 50 336 116 20 40
1 160 28 46 50 160 23 40 93 160 23 50 146 160 25 39 190 160 27 46 240 160 25 39 283 160 23 50 336 160 23 40

ATR 72-200F

1 1 23 46 50 1 20 40 93 1 23 50 146 1 29 41 190 1 34 46 240 1 29 41 283 1 23 50 336 1 20 40
1 39 23 46 50 39 20 40 93 39 23 50 146 39 31 41 190 39 35 46 240 39 31 41 283 39 23 50 336 39 20 40
1 78 35 46 50 78 29 40 93 78 24 51 146 78 17 39 190 78 20 44 240 78 17 39 283 78 24 51 336 78 29 40
1 116 23 46 50 116 20 40 93 116 23 50 146 116 31 41 190 116 35 46 240 116 31 41 283 116 23 50 336 116 20 40
1 160 28 46 50 160 23 40 93 160 23 50 146 160 25 39 190 160 27 46 240 160 25 39 283 160 23 50 336 160 23 40

ATR 72-500

1 1 23 46 50 1 20 40 93 1 23 50 146 1 29 41 190 1 34 46 240 1 29 41 283 1 23 50 336 1 20 40
1 39 23 46 50 39 20 40 93 39 23 50 146 39 31 41 190 39 35 46 240 39 31 41 283 39 23 50 336 39 20 40
1 78 35 36 50 78 29 40 93 78 24 51 146 78 17 39 190 78 20 44 240 78 17 39 283 78 24 51 336 78 29 40
1 116 23 46 50 116 20 40 93 116 23 50 146 116 31 41 190 116 35 46 240 116 31 41 283 116 23 50 336 116 20 40
1 160 28 16 50 160 23 40 93 160 23 50 146 160 25 39 190 160 27 46 240 160 25 39 283 160 23 50 336 160 23 40