////////////////////////////IL62///////////////////////////

1 1 09 29 54 -27 -15
60 1 09 27 51 -26 -14
120 1 09 28 61 -31 -14
190 1 09 37 51 -26 -19
250 1 09 42 54 -27 -21
310 1 09 37 51 -26 -19
370 1 09 28 61 -31 -14
440 1 09 27 51 -26 -14

1 50 09 29 54 -27 -15
60 50 09 27 51 -26 -14
120 50 09 28 61 -31 -14
190 50 09 37 51 -26 -19
250 50 09 42 54 -27 -21
310 50 09 37 51 -26 -19
370 50 09 28 61 -31 -14
440 50 09 27 51 -26 -14

1 100 09 44 54 -27 -22
60 100 09 41 49 -25 -21
120 100 09 28 61 -31 -14
190 100 09 25 46 -23 -23
250 100 09 23 52 -26 -12
310 100 09 25 46 -23 -13
370 100 09 28 61 -31 -14
440 100 09 41 49 -25 -21

1 150 09 29 54 -27 -15
60 150 09 27 51 -26 -14
120 150 09 28 61 -31 -14
190 150 09 37 51 -26 -19
250 150 09 42 54 -27 -21
310 150 09 37 51 -26 -19
370 150 09 28 61 -31 -14
440 150 09 27 51 -26 -14

1 200 09 38 54 -27 -19
60 200 09 34 52 -26 -17
120 200 09 28 61 -31 -14
190 200 09 31 52 -26 -16
250 200 09 31 54 -27 -16
310 200 09 31 52 -26 -16
370 200 09 28 61 -31 -14
440 200 09 34 52 -26 -17

Purchase List Graphic
500 100 09 21 59 -30 -11
