A380-800

0 0 09 32 74 -37 -16
80 0 09 31 64 -32 -16
160 0 09 39 69 -35 -20
240 0 09 43 64 -32 -22
320 0 09 52 74 -37 -26
410 0 09 43 64 -32 -22
490 0 09 39 69 -35 -20
570 0 09 31 64 -32 -16

0 70 09 32 74 -37 -16
80 70 09 31 64 -32 -16
160 70 09 39 69 -35 -20
240 70 09 45 64 -32 -23
320 70 09 54 74 -37 -27
410 70 09 45 64 -32 -23
490 70 09 39 69 -35 -20
570 70 09 31 64 -32 -16

0 140 09 50 74 -37 -25
80 140 09 46 63 -32 -23
160 140 09 37 71 -36 -19
240 140 09 31 63 -32 -16
320 140 09 34 73 -37 -17
410 140 09 31 63 -32 -16
490 140 09 37 71 -36 -19
570 140 09 46 63 -32 -23

0 210 09 32 75 -38 -16
80 210 09 31 64 -32 -16
160 210 09 39 69 -35 -20
240 210 09 45 64 -32 -23
320 210 09 54 74 -37 -27
410 210 09 45 64 -32 -23
490 210 09 39 69 -35 -20
570 210 09 31 64 -32 -16

0 280 09 42 74 -37 -21
80 280 09 39 63 -32 -20
160 280 09 39 72 -36 -20
240 280 09 37 94 -47 -19
320 280 09 45 72 -36 -23
410 280 09 37 64 -32 -19
490 280 09 39 69 -35 -20
570 280 09 39 63 -32 -20

Menu Sprite

0 350 09 22 68 -34 -11

A380-800F

0 0 09 32 74 -37 -16
80 0 09 31 64 -32 -16
160 0 09 39 69 -35 -20
240 0 09 43 64 -32 -22
320 0 09 52 74 -37 -26
410 0 09 43 64 -32 -22
490 0 09 39 69 -35 -20
570 0 09 31 64 -32 -16

0 70 09 32 74 -37 -16
80 70 09 31 64 -32 -16
160 70 09 39 69 -35 -20
240 70 09 45 64 -32 -23
320 70 09 54 74 -37 -27
410 70 09 45 64 -32 -23
490 70 09 39 69 -35 -20
570 70 09 31 64 -32 -16

0 140 09 50 74 -37 -25
80 140 09 46 63 -32 -23
160 140 09 37 71 -36 -19
240 140 09 31 63 -32 -16
320 140 09 34 73 -37 -17
410 140 09 31 63 -32 -16
490 140 09 37 71 -36 -19
570 140 09 46 63 -32 -23

0 210 09 32 75 -38 -16
80 210 09 31 64 -32 -16
160 210 09 39 69 -35 -20
240 210 09 45 64 -32 -23
320 210 09 54 74 -37 -27
410 210 09 45 64 -32 -23
490 210 09 39 69 -35 -20
570 210 09 31 64 -32 -16

0 280 09 42 74 -37 -21
80 280 09 39 63 -32 -20
160 280 09 39 72 -36 -20
240 280 09 37 94 -47 -19
320 280 09 45 72 -36 -23
410 280 09 37 64 -32 -19
490 280 09 39 69 -35 -20
570 280 09 39 63 -32 -20

A380-900
A380-900F