A330

1 1 09 32 66 -33 -16
75 1 09 30 59 -30 -15
140 1 09 34 69 -35 -17
215 1 09 40 59 -30 -20
280 1 09 44 66 -33 -22
350 1 09 40 59 -30 -20
415 1 09 34 69 -35 -17
490 1 09 30 59 -30 -15

1 50 09 32 66 -33 -16
75 50 09 30 59 -30 -15
140 50 09 34 69 -35 -17
215 50 09 42 59 -30 -21
280 50 09 45 66 -33 -23
350 50 09 42 59 -30 -21
415 50 09 34 69 -35 -17
490 50 09 30 59 -30 -15

1 100 09 49 66 -33 -25
75 100 09 45 57 -29 -23
140 100 09 34 68 -34 -17
215 100 09 29 57 -29 -15
280 100 09 19 64 -32 -10
350 100 09 29 57 -29 -15
415 100 09 34 68 -34 -17
490 100 09 45 57 -29 -23

1 155 09 32 66 -33 -16
75 155 09 30 59 -30 -15
140 155 09 34 69 -35 -17
215 155 09 42 58 -29 -21
280 155 09 41 66 -33 -21
350 155 09 42 59 -30 -21
415 155 09 34 69 -35 -17
490 155 09 30 58 -29 -18

1 205 09 41 66 -33 -21
75 205 09 36 58 -29 -18
140 205 09 34 70 -35 -17
215 205 09 36 57 -29 -18
280 205 09 31 66 -33 -16
350 205 09 36 57 -29 -18
415 205 09 34 70 -35 -17
490 205 09 36 58 -29 -18