[Zeppelin]

0 0 58 26 40 0 48 76 140 0 28 90 270 0 48 76 370 0 56 26 410 0 48 76 510 0 28 86 640 0 48 76
0 75 67 26 40 75 54 89 140 75 28 118 270 75 55 89 370 75 66 26 410 75 55 89 510 75 28 118 640 75 54 89

Menu

0 160 19 78

[Zeppelin NT]

0 0 43 28 50 0 39 60 125 0 26 81 225 0 42 60 300 0 47 28 350 0 42 60 430 0 26 81 526 0 39 60
0 60 43 28 50 60 39 60 125 60 26 81 225 60 42 60 300 60 47 20 350 60 42 60 430 60 26 81 526 60 36 60
0 120 43 28 50 120 39 60 125 120 26 81 225 120 42 60 300 120 47 28 350 120 42 60 430 120 526 120 36 60

Menu Sprite

0 175 22 74

[Sky Lift 150]

0 0 09 52 52 -26 -26
70 0 09 48 76 -38 -24
170 0 09 31 94 -47 -16
280 0 09 51 76 -38 -26
370 0 09 58 52 -26 -29
440 0 09 51 76 -38 -26
540 0 09 31 94 -47 -16
650 0 09 48 75 -38 -24

0 75 09 53 52 -26 -27
70 75 09 48 76 -38 -24
170 75 09 33 94 -47 -17
280 75 09 51 76 -38 -26
370 75 09 58 50 -25 -29
440 75 09 51 76 -38 -26
540 75 09 32 94 -47 -16
650 75 09 48 76 -38 -24

0 150 09 52 52 -26 -26
70 150 09 48 76 -38 -24
170 150 09 33 94 -47 -17
280 150 09 51 76 -38 -26
370 150 09 58 52 -26 -29
440 150 09 51 76 -38 -26
540 150 09 33 94 -47 -17
650 150 09 48 76 -38 -24

Menu

0 220 09 21 71 -36 -11
