MD 82

1 1 09 21 31 -17 -11
40 1 09 18 43 -22 -9
90 1 09 19 51 -26 -10
150 1 09 30 42 -21 -15
200 1 09 34 33 -17 -17
240 1 09 30 42 -21 -15
290 1 09 19 51 -26 -10
350 1 09 18 43 -22 -9

1 40 09 21 31 -17 -11
40 40 09 18 43 -22 -9
90 40 09 19 51 -26 -10
150 40 09 30 42 -21 -15
40 09 34 33 -17 -17
240 40 09 30 42 -21 -15
190 40 09 19 51 -26 -10
350 40 09 18 43 -22 -9 

1 80 09 31 33 -17 -16
40 80 09 28 40 -20 -14
90 80 09 18 49 -25 -9
150 80 09 17 40 -20 -9
200 80 09 20 27 -14 -10
240 80 09 17 40 -20 -9
290 80 09 18 49 -25 -9
350 80 09 28 40 -20 -14

1 120 09 31 33 -17 -16
40 120 09 18 43 -22 -9
90 120 09 19 51 -26 -10
150 120 09 29 41 -21 -15 
200 120 09 34 33 -17 -17
240 120 09 29 41 -21 -15 
290 120 09 19 51 -26 -10
350 120 09 18 43 -22 -9

1 160 09 25 33 -17 -13
40 160 09 22 41 -21 -11
90 160 09 26 49 -25 -13
150 160 09 22 39 -20 -11
200 160 09 28 31 -16 -14
240 160 09 22 39 -20 -11
290 160 09 26 49 -25 -13
350 160 09 22 41 -21 -11