////////////////////////A318//////////////////

5 5 09 19 45 -23 -10
55 5 09 21 40 -20 -11
100 5 09 23 44 -22 -12
150 5 09 30 39 -20 -15
195 5 09 29 45 -23 -15
248 5 09 30 39 -20 -15
294 5 09 23 44 -22 -12
346 5 09 21 40 -20 -11

5 47 09 19 45 -23 -10
55 47 09 21 40 -20 -11
100 47 09 23 44 -22 -12
150 47 09 30 39 -20 -15
195 47 09 29 45 -23 -15
248 47 09 30 39 -20 -15
294 47 09 23 44 -22 -12
346 47 09 21 40 -20 -11

5 99 09 31 44 -22 -16
55 99 09 31 39 -20 -16
100 99 09 22 46 -23 -11
150 99 09 21 34 -17 -11
195 99 09 13 42 -21 -7
248 99 09 21 34 -17 -11
294 99 09 22 46 -23 -11
346 99 09 31 39 -20 -16

5 146 09 19 44 -22 -10
55 146 09 21 40 -20 -11
100 146 09 22 44 -22 -11
150 146 09 30 39 -20 -15
195 146 09 24 44 -22 -12
248 146 09 30 39 -20 -15
294 146 09 22 44 -22 -11 
346 146 09 21 40 -20 -11
 
5 190 09 24 44 -22 -12
55 190 09 25 40 -20 -13
100 190 09 22 45 -23 -11
150 190 09 26 38 -19 -13
195 190 09 18 42 -21 -9
248 190 09 26 38 -19 -23
294 190 09 22 45 -23 -11
346 190 09 25 40 -20 -13

/////////////////////A319//////////////////////

0 0 09 21 45 -23 -11 
50 0 09 21 40 -20 -11
100 0 09 23 46 -23 -12
150 0 09 30 39 -20 -15
200 0 09 31 45 -23 -16
250 0 09 30 39 -20 -15
300 0 09 23 46 -23 -12
360 0 09 21 40 -20 -11

0 35 09 21 45 -23 -11 
50 35 09 21 40 -20 -11
100 35 09 23 45 -23 -22
150 35 09 30 39 -20 -15
200 35 09 31 45 -23 -16
250 35 09 30 39 -20 -15
300 35 09 23 46 -23 -12
360 35 09 21 40 -20 -11

0 70 09 33 44 -22 -17
50 70 09 31 39 -20 -16
100 70 09 22 48 -24 -11
150 70 09 21 36 -18 -11
200 70 09 14 42 -21 -7
250 70 09 21 36 -18 -11
300 70 09 22 48 -24 -11
360 70 09 31 39 -20 -16

0 110 09 21 44 -22 -11 
50 110 09 21 40 -20 -11
100 110 09 22 46 -23 -11
150 110 09 30 39 -20 -15
200 110 09 26 44 -22 -13
250 110 09 30 39 -20 -15
300 110 09 22 46 -23 -11
360 110 09 21 40 -20 -11

0 145 09 26 44 -22 -13
50 145 09 25 40 -20 -13
100 145 09 22 47 -24 -11
150 145 09 26 38 -19 -13
200 145 09 20 42 -21 -10
250 145 09 26 38 -19 -13
300 145 09 22 47 -24 -11
360 145 09 25 40 -20 -13

//////////////////////A320///////////////////////

0 0 09 23 45 -23 -12
50 0 09 21 40 -20 -11
100 0 09 23 48 -24 -12
160 0 09 30 39 -20 -15
210 0 09 33 45 -23 -17
260 0 09 30 39 -20 -15
310 0 09 23 48 -24 -12
370 0 09 21 40 -20 -11

0 35 09 23 45 -23 -12
50 35 09 21 40 -20 -11
100 35 09 23 48 -24 -12
160 35 09 30 39 -20 -15
210 35 09 33 45 -23 -17
260 35 09 30 39 -20 -15
310 35 09 23 48 -24 -12
370 35 09 21 40 -20 -11

0 70 09 36 44 -22 -18
50 70 09 31 39 -20 -16
100 70 09 22 50 -25 -11
160 70 09 21 37 -19 -11
210 70 09 15 42 -21 -8
260 70 09 21 37 -19 -11
310 70 09 22 50 -25 -11
370 70 09 31 39 -40 -16

0 120 09 23 44 -22 -12
50 120 09 21 40 -20 -11
100 120 09 22 48 -24 -11
160 120 09 30 39 -20 -15
210 120 09 28 44 -11 -14
260 120 09 30 39 -20 -15
310 120 09 22 48 -24 -11
370 120 09 21 40 -20 -11

0 160 09 29 44 -22 -15
50 160 09 25 40 -20 -13
100 160 09 22 49 -25 -11
160 160 09 26 38 -19 -13
210 160 09 22 42 -21 -11
260 160 09 26 38 -19 -13
310 160 09 22 49 -25 -11
370 160 09 25 40 -20 -13

///////////////////////A321//////////////////////

0 0 09 25 45 -23 -13
50 0 09 22 42 -21 -11
100 0 09 23 50 -25 -12
160 0 09 31 41 -21 -16
210 0 09 35 45 -23 -18
260 0 09 31 41 -21 -16
310 0 09 23 50 -25 -12
370 0 09 22 42 -21 -11

0 40 09 25 45 -23 -13
50 40 09 22 42 -21 -11
100 40 09 23 50 -25 -12 
160 40 09 31 41 -21 -16
210 40 09 35 45 -23 -18
260 40 09 31 41 -21 -16
310 40 09 23 50 -25 -12
370 40 09 22 42 -21 -11

0 80 09 39 44 -22 -19
50 80 09 33 41 -21 -17
100 80 09 23 53 -27 -12
160 80 09 21 39 -20 -12
210 80 09 16 42 -21 -8
260 80 09 21 39 -20 -12
310 80 09 23 53 -27 -12
370 80 09 33 41 -21 -17

0 130 09 25 44 -22 -13
50 130 09 22 42 -21 -11
100 130 09 22 50 -25 -11
160 130 09 31 41 -21 -16
210 130 09 30 44 -22 -15
260 130 09 31 41 -21 -16
310 130 09 22 50 -25 -11
370 130 09 22 42 -21 -11

0 170 09 32 44 -22 -16
50 170 09 27 42 -21 -14
100 170 09 22 51 -26 -11
160 170 09 27 39 -20 -14
210 170 09 24 42 -21 -12
260 170 09 27 39 -20 -14
310 170 09 22 51 -26 -11
370 170 09 27 43 -22 -14