Concorde

0 0 09 34 36 -18 -17
45 0 09 29 52 -26 -15
108 0 09 22 74 -37 -11
192 0 09 35 53 -27 -18
255 0 09 38 36 -18 -19
301 0 09 35 53 -27 -18
364 0 09 22 74 -37 -11
448 0 09 29 52 -26 -15

0 50 09 37 36 -18 -19
45 50 09 30 52 -26 -17
108 50 09 22 72 -36 -11
192 50 09 34 54 -27 -17
255 50 09 39 34 -17 -20
301 50 09 34 54 -27 -17
364 50 09 23 72 -36 -12
448 50 09 30 52 -26 -15

0 100 09 50 36 -18 -25
45 100 09 50 46 -23 -25
108 100 09 35 65 -33 -18
192 100 09 20 46 -23 -10
255 100 09 12 28 -14 -6
301 100 09 20 46 -23 -10
364 100 09 35 65 -33 -18
448 100 09 50 46 -23 -25

0 175 09 34 36 -18 -17
45 175 09 29 52 -26 -11
108 175 09 22 73 -37 -11
192 175 09 36 53 -27 -18
255 175 09 42 34 -17 -21
301 175 09 36 53 -27 -18
364 175 09 23 73 -37 -12
448 175 09 29 52 -26 -15

0 225 09 41 36 -18 -21
45 225 09 36 51 -26 -18
108 225 09 22 72 -36 -11
192 225 09 27 52 -26 -14
255 225 09 32 34 -17 -16
301 225 09 27 52 -26 -14
364 225 09 22 72 -36 -11
448 225 09 36 51 -26 -18