/////////////747-200///////////////

1 1 09 32 60 -30 -16
70 1 09 31 57 -29 -15
135 1 09 30 69 -35 -15
210 1 09 42 57 -29 -21
270 1 09 43 60 -30 -22
340 1 09 42 57 -29 -21
405 1 09 31 69 -35 -15
480 1 09 31 57 -29 -15

1 50 09 32 60 -30 -16
70 50 09 31 57 -29 -15
135 50 09 30 69 -35 -15
210 50 09 43 57 -29 -22
270 50 09 45 60 -30 -23
340 50 09 43 57 -29 -22
405 50 09 31 69 -35 -15
480 50 09 31 57 -29 -15

1 100 09 49 60 -30 -25
70 100 09 44 56 -28 -22
135 100 09 33 70 -35 -17
210 100 09 29 55 -28 -15
270 100 09 26 59 -30 -13
340 100 09 29 56 -28 -15
405 100 09 33 70 -35 -17
480 100 09 44 56 -28 -22

1 160 09 32 60 -30 -15
70 160 09 31 57 -29 -15
135 160 09 30 69 -25 -15
210 160 09 43 57 -28 -22
270 160 09 45 60 -30 -23
340 160 09 43 57 -28 -22
405 160 09 31 69 -25 -15
480 160 09 31 57 -28 -15

1 210 09 41 60 -30 -20
70 210 09 37 57 -28 -19
135 210 09 31 71 -36 -15
210 210 09 35 56 -28 -18
270 210 09 38 60 -30 -19
340 210 09 35 56 -28 -18
405 210 09 31 71 -36 -15
480 210 09 37 57 -29 -19

Purchase List
539 100 09 21 69 -35 -11

/////////////747-400///////////////

2 2 09 32 66 -33 -16
75 2 09 32 60 -30 -16
140 2 09 34 69 -35 -17
215 2 09 42 58 -29 -21
280 2 09 43 64 -32 -22
350 2 09 42 58 -29 -17
415 2 09 34 69 -35 -17
490 2 09 32 60 -30 -16

2 50 09 32 66 -33 -16
75 50 09 23 60 -30 -16
140 50 09 34 69 -35 -17
215 50 09 43 58 -29 -22
280 50 09 45 64 -32 -23
350 50 09 43 58 -29 -22
415 50 09 34 69 -35 -17
490 50 09 32 60 -30 -16

2 100 09 49 64 -32 -25
75 100 09 44 59 -30 -22
140 100 09 33 70 -35 -17
215 100 09 29 58 -29 -15
280 100 09 26 64 -33 -13
350 100 09 29 58 -29 -17
415 100 09 33 70 -35 -17
490 100 09 44 58 -29 -22

2 155 09 32 66 -33 -16
75 155 09 32 60 -30 -16
140 155 09 34 69 -35 -17
215 155 09 43 58 -29 -22
280 155 09 45 64 -32 -23
350 155 09 43 58 -29 -22
415 155 09 34 69 -35 -17
490 155 09 31 59 -30 -16

2 210 09 41 64 -32 -21
75 210 09 38 59 -30 -19
140 210 09 34 71 -36 -17
215 210 09 35 58 -29 -18
280 210 09 38 64 -32 -19
350 210 09 35 58 -29 -18
415 210 09 34 71 -36 -17
490 210 09 37 58 -29 -19

Purchase List
280 131 09 21 69 -35 -11

/////////////747-400D///////////////

1 1 09 32 62 -31 -16
70 1 09 30 57 -29 -15
130 1 09 32 69 -35 -16
205 1 09 42 57 -29 -21
270 1 09 43 62 -31 -22
340 1 09 42 57 -29 -21
405 1 09 32 69 -35 -16
480 1 09 30 57 -29 -15

1 50 09 32 62 -31 -16
70 50 09 30 57 -29 -15
130 50 09 32 69 -35 -16
205 50 09 43 57 -29 -22
270 50 09 45 62 -31 -23
340 50 09 43 57 -29 -22
405 50 09 32 69 -35 -16
480 50 09 30 57 -29 -15

1 100 09 49 62 -31 -25
70 100 09 44 57 -29 -22
130 100 09 32 70 -35 -16
205 100 09 29 55 -28 -15
270 100 09 26 59 -30 -13
340 100 09 29 56 -28 -15
405 100 09 32 70 -35 -16
480 100 09 44 56 -28 -22

1 155 09 32 62 -31 -16
70 155 09 30 57 -29 -15
130 155 09 23 69 -35 -12
205 155 09 43 57 -29 -22
270 155 09 45 60 -30 -23
340 155 09 43 57 -29 -22
405 155 09 32 69 -35 -16
480 155 09 30 57 -29 -15

1 210 09 41 60 -30 -21
70 210 09 36 57 -29 -18
130 210 09 31 71 -36 -16
205 210 09 35 56 -28 -18
270 210 09 38 59 -30 -19
340 210 09 35 56 -28 -18
405 210 09 31 71 -36 -16
480 210 09 36 57 -29 -18

Purchase List
270 130 09 21 68 -34 -11
