B737-100

0 0 09 19 41 -21 -10
50 0 09 18 35 -18 -9
90 0 09 23 40 -20 -12
140 0 09 28 34 -17 -14
180 0 09 28 41 -21 -14
230 0 09 28 34 -17 -14
270 0 09 23 40 -20 -12
320 0 09 18 35 -18 -9

0 30 09 19 41 -21 -10
50 30 09 18 35 -18 -9
90 30 09 23 40 -20 -12
140 30 09 30 34 -15 -20
180 30 09 28 41 -21 -14
230 30 09 30 34 -17 -15
270 30 09 23 40 -20 -12
320 30 09 18 35 -18 -9

0 70 09 27 40 -20 -14
50 70 09 27 34 -17 -14
90 70 09 23 40 -20 -12
140 70 09 21 31 -16 -11
180 70 09 13 36 -18 -7
230 70 09 21 31 -16 -11
270 70 09 23 40 -20 -12
320 70 09 27 34 -17 -14

0 100 09 18 40 -20 -9
50 100 09 18 35 -18 -9
90 100 09 23 40 -20 -12
140 100 09 30 34 -17 -15
180 100 09 22 40 -20 -11
230 100 09 30 34 -17 -17
270 100 09 23 40 -20 -12
320 100 09 18 35 -18 -9

0 140 09 23 40 -20 -12
50 140 09 22 36 -18 -11
90 140 09 23 40 -20 -12
140 140 09 24 34 -17 -12
180 140 09 17 40 -20 -9
230 140 09 24 34 -17 -12
270 140 09 23 40 -20 -12
320 140 09 22 36 -18 -11

B737-200

1 2 09 21 41 -21 -11
49 2 09 18 35 -18 -9
88 2 09 23 42 -21 -12
136 2 09 28 34 -17 -14
178 2 09 30 41 -21 -15
226 2 09 28 34 -17 -28
267 2 09 23 42 -21 -12
315 2 09 18 35 -18 -9

1 35 09 21 41 -21 -11
49 35 09 18 35 -18 -9
88 35 09 23 42 -21 -12
136 35 09 30 34 -17 -15
178 35 09 30 41 -21 -15
226 35 09 30 34 -17 -15
267 35 09 23 42 -21 -12
315 35 09 18 35 -18 -9

1 69 09 30 40 -20 -15
49 69 09 27 34 -17 -14
88 69 09 23 42 -21 -12
136 69 09 21 33 -17 -11
178 69 09 13 36 -18 -7
226 69 09 21 33 -17 -11
267 69 09 23 42 -21 -12
315 69 09 27 35 -18 -14

1 104 09 20 40 -20 -10
49 104 09 18 35 -18 -9
88 104 09 23 42 -21 -12
136 104 09 30 34 -17 -15
178 104 09 25 40 -20 -13
226 104 09 30 34 -17 -15
267 104 09 23 42 -21 -12
315 104 09 18 35 -18 -9

1 138 09 25 40 -20 -13
49 138 09 22 36 -18 -11
88 138 09 23 42 -21 -12
136 138 09 24 34 -17 -12
178 138 09 19 40 -20 -10
226 138 09 24 34 -17 -12
267 138 09 23 42 -21 -12
315 138 09 22 36 -18 -11

B737-300

1 2 09 21 41 -21 -11
49 2 09 18 35 -18 -9
88 2 09 23 42 -21 -12
136 2 09 30 34 -17 -15
178 2 09 30 41 -21 -15
226 2 09 30 34 -17 -15
267 2 09 23 42 -21 -12
315 2 09 18 35 -18 -9

1 35 09 21 41 -21 -11
49 35 09 18 35 -18 -9
88 35 09 23 42 -21 -12
136 35 09 30 34 -17 -15
178 35 09 30 41 -21 -15
226 35 09 30 34 -17 -15
267 35 09 23 42 -21 -12
315 35 09 18 35 -18 -9

1 69 09 30 40 -20 -15
49 69 09 27 34 -17 -14
88 69 09 23 42 -21 -12
136 69 09 21 33 -17 -11
178 69 09 14 36 -18 -7
226 69 09 21 33 -17 -11
267 69 09 23 42 -21 -12
315 69 09 27 34 -17 -14

1 104 09 20 40 -20 -10
49 104 09 18 35 -18 -9
88 104 09 23 42 -21 -12
136 104 09 30 34 -17 -15
178 104 09 25 40 -20 -13
226 104 09 30 34 -17 -15
267 104 09 23 42 -21 -12
315 104 09 18 35 -18 -9

1 138 09 25 40 -20 -12
49 138 09 22 36 -18 -11
88 138 09 23 42 -21 -12
136 138 09 26 34 -17 -13
178 138 09 19 40 -20 -10
226 138 09 26 34 -17 -13
267 138 09 23 42 -21 -12
315 138 09 22 36 -18 -11

B737-400

1 1 09 23 41 -21 -12
50 1 09 19 37 -19 -10
90 1 09 23 44 -22 -12
140 1 09 31 36 -18 -16
180 1 09 32 41 -21 -16
230 1 09 31 36 -18 -16
270 1 09 23 44 -22 -12
320 1 09 19 37 -19 -10

1 35 09 23 41 -21 -12
50 35 09 19 37 -19 -10
90 35 09 23 44 -22 -12
140 35 09 31 36 -18 -16
180 35 09 32 41 -21 -16
230 35 09 31 36 -18 -16
270 35 09 23 44 -22 -12
320 35 09 19 37 -19 -10

1 70 09 32 40 -20 -16
50 70 09 29 34 -17 -15
90 70 09 23 44 -22 -12
140 70 09 21 34 -17 -11
180 70 09 14 36 -18 -7
230 70 09 21 34 -17 -11
270 70 09 23 44 -22 -12
320 70 09 29 34 -17 -15

1 110 09 22 40 -20 -11
50 110 09 19 37 -19 -10
90 110 09 23 44 -22 -12
140 110 09 31 36 -18 -16
180 110 09 27 40 -20 -14
230 110 09 31 36 -18 -16
270 110 09 23 44 -22 -12
320 110 09 19 37 -19 -10

1 145 09 27 40 -20 -14
50 145 09 23 36 -18 -12
90 145 09 23 44 -22 -12
140 145 09 27 36 -18 -14
180 145 09 21 40 -20 -11
230 145 09 27 36 -18 -14
270 145 09 23 44 -22 -12
320 145 09 23 36 -18 -12

B737-500

1 1 09 20 41 -21 -10
50 1 09 17 33 -17 -9
90 1 09 23 40 -20 -12
135 1 09 29 34 -17 -15
175 1 09 29 41 -21 -15
220 1 09 29 34 -17 -15
260 1 09 23 40 -20 -12
310 1 09 17 33 -17 -9

1 35 09 20 41 -21 -10
50 35 09 17 33 -17 -9
90 35 09 23 40 -20 -12
135 35 09 29 34 -17 -15
175 35 09 29 41 -21 -15
220 35 09 29 34 -17 -15
260 35 09 23 40 -20 -12
310 35 09 17 33 -17 -9

1 70 09 28 40 -20 -14
50 70 09 25 33 -17 -13
90 70 09 23 40 -20 -12
135 70 09 21 33 -17 -11
175 70 09 31 36 -18 -16
220 70 09 21 33 -17 -11
260 70 09 23 40 -20 -12
310 70 09 25 33 -17 -13

1 100 09 19 40 -20 -10
50 100 09 17 33 -17 -9
90 100 09 23 40 -20 -12
135 100 09 29 34 -17 -15
175 100 09 24 40 -20 -12
220 100 09 29 34 -17 -15
260 100 09 23 40 -20 -12
310 100 09 17 33 -17 -9

1 135 09 23 40 -20 -12
50 135 09 20 35 -18 -10
90 135 09 23 40 -20 -12
135 135 09 25 34 -17 -13
175 135 09 18 40 -20 -9
220 135 09 25 34 -17 -13
260 135 09 23 40 -20 -12
310 135 09 20 35 -18 -10

B737-600

1 1 09 19 43 -22 -10
50 1 09 18 36 -18 -9
90 1 09 25 40 -20 -13
135 1 09 30 36 -18 -15
180 1 09 29 43 -22 -15
230 1 09 30 36 -18 -15
270 1 09 25 40 -20 -13
315 1 09 18 36 -18 -9

1 35 09 19 43 -22 -10
50 35 09 18 37 -19 -9
90 35 09 25 40 -20 -13
135 35 09 30 36 -18 -15
180 35 09 29 43 -22 -15
230 35 09 30 36 -18 -15
270 35 09 25 40 -20 -13
315 35 09 18 37 -19 -9

1 70 09 27 42 -21 -14
50 70 09 28 35 -18 -14
90 70 09 24 42 -21 -12
135 70 09 21 33 -17 -11
180 70 09 14 41 -21 -7
230 70 09 21 33 -17 -11
270 70 09 24 42 -21 -12
315 70 09 28 35 -18 -14

1 100 09 19 42 -21 -10
50 100 09 18 37 -19 -9
90 100 09 25 40 -20 -13
135 100 09 30 36 -18 -15
180 100 09 24 42 -21 -12
230 100 09 30 36 -18 -15
270 100 09 25 40 -20 -13
315 100 09 18 37 -19 -9

1 135 09 23 42 -21 -12
50 135 09 22 36 -18 -11
90 135 09 24 44 -22 -12
135 135 09 26 37 -19 -13
180 135 09 18 42 -21 -9
230 135 09 26 37 -19 -13
270 135 09 24 44 -22 -12
315 135 09 22 36 -18 -11

B737-700

1 1 09 21 43 -22 -11
50 1 09 18 36 -18 -9
100 1 09 25 42 -21 -13
150 1 09 30 36 -18 -15
190 1 09 30 43 -22 -15
240 1 09 30 36 -18 -15
280 1 09 25 42 -21 -13
330 1 09 18 36 -18 -9

1 35 09 21 43 -22 -11
50 35 09 18 37 -19 -9
100 35 09 25 42 -21 -13
150 35 09 30 36 -18 -15
190 35 09 30 43 -22 -15
240 35 09 30 36 -19 -15
280 35 09 25 42 -21 -13
330 35 09 18 37 -19 -9

1 70 09 30 42 -21 -15
50 70 09 28 35 -18 -14
100 70 09 24 44 -22 -12
150 70 09 21 35 -18 -11
190 70 09 14 41 -21 -7
240 70 09 21 35 -18 -11
280 70 09 24 44 -22 -12
330 70 09 28 35 -18 -14

1 110 09 20 42 -21 -10
50 110 09 18 37 -19 -9
100 110 09 25 42 -21 -13
150 110 09 30 36 -18 -15
190 110 09 25 42 -21 -13
240 110 09 30 36 -18 -15
280 110 09 25 42 -21 -13
330 110 09 18 37 -18 -9

1 145 09 25 42 -21 -13
50 145 09 22 36 -18 -11
100 145 09 24 44 -22 -12
150 145 09 26 37 -19 -13
190 145 09 19 42 -21 -10
240 145 09 26 37 -19 -13
280 145 09 24 44 -22 -12
330 145 09 22 36 -18 -11

B737-800

1 2 09 23 43 -22 -12
49 2 09 20 40 -20 -10
95 2 09 25 46 -23 -13
147 2 09 32 40 -20 -16
193 2 09 33 43 -22 -17
244 2 09 32 40 -20 -16
291 2 09 25 46 -23 -13
343 2 09 20 40 -20 -10

1 44 09 23 43 -22 -12
49 44 09 20 40 -20 -10
95 44 09 25 46 -23 -13
147 44 09 32 40 -20 -16
193 44 09 33 43 -22 -17
244 44 09 32 40 -20 -16
291 44 09 25 46 -23 -13
343 44 09 20 40 -20 -10

1 85 09 33 42 -21 -17
49 85 09 32 39 -20 -16
95 85 09 25 50 -25 -13
147 85 09 21 36 -18 -11
193 85 09 15 41 -21 -8
244 85 09 21 36 -18 -11
291 85 09 25 50 -25 -13
343 85 09 32 39 -20 -16

1 137 09 23 42 -21 -12
49 137 09 20 41 -21 -10
95 137 09 25 46 -23 -13
147 137 09 32 40 -20 -16
193 137 09 33 43 -22 -17
244 137 09 32 40 -20 -16
291 137 09 25 46 -23 -13
343 137 09 20 41 -21 -10

1 187 09 25 42 -21 -13
49 187 09 24 40 -20 -12
95 187 09 25 49 -25 -13
147 187 09 26 41 -21 -13
193 187 09 20 42 -21 -10
244 187 09 26 41 -21 -13
291 187 09 25 49 -25 -13
343 187 09 24 40 -20 -12

B737-900

1 2 09 25 43 -22 -13
49 2 09 20 40 -20 -10
95 2 09 25 48 -24 -13
147 2 09 32 40 -20 -16
194 2 09 34 43 -22 -17
244 2 09 32 40 -20 -16
288 2 09 25 48 -24 -13
341 2 09 20 40 -20 -10

1 44 09 25 43 -22 -13
49 45 09 20 40 -20 -10
95 44 09 25 48 -24 -13
147 44 09 32 40 -20 -16
194 44 09 34 43 -22 -17
244 44 09 32 40 -20 -16
288 44 09 25 48 -24 -13
341 44 09 20 40 -20 -10

1 85 09 36 42 -21 -18
49 85 09 32 39 -20 -16
95 85 09 25 50 -25 -13
147 85 09 21 37 -19 -11
194 85 09 15 41 -21 -8
244 85 09 21 37 -19 -11
288 85 09 25 50 -25 -13
341 85 09 32 39 -20 -16

1 139 09 25 43 -22 -13
49 139 09 20 41 -21 -10
95 139 09 25 48 -24 -13
147 139 09 32 40 -20 -16
194 139 09 34 43 -22 -17
244 139 09 32 40 -20 -16
288 139 09 25 48 -24 -13
341 139 09 20 41 -21 -10

1 186 09 28 42 -21 -14
49 186 09 24 40 -20 -12
95 186 09 25 49 -25 -13
147 186 09 26 41 -21 -13
194 186 09 21 42 -21 -11
244 186 09 26 41 -21 -13
288 186 09 25 49 -25 -13
341 186 09 24 40 -20 -12